atomtype
51 51 55 #ethylenediol [H]
55 55 51 58,59 #ethylenediol [O]
52 52 56 #alcohol [HC]
56 56 52 52 53 60 #alcohol [C]
53 53 54 56 #alcohol [O]
54 54 53 #alcohol [HO]
57 57 58 60 #ether [O]
58 58 57 59 61 55 #ether-diol [C]
61 61 58 #ether-diol [HC]
60 60 57 59 56 63 #ether [C]
63 63 60 #ether [HC]
59 59 55 58,59,60 59 62 #carbohydrate ring [C]
62 62 59 #carbohydrate ring [HC]

stretching
60 57 1 51 #CT-OS
56,59 53,55 1 52 #CT-OH
58 57 1 53 #CO-OS
58 55 1 54 #CO-OH
56,59,60 56,59,60 1 55 #CT-CT
59 58 1 56 #CT-CO
56,59,60 52,62,63 1 57 #CT-HC
58 61 1 58 #CO-HC
55,53 51,54 1 59 #OH-HO

bending
56,59,60 56,59,60 56,59,60 51 #CT-CT-CT
56,59,60 56,59,60 58 52 #CT-CT-CO
56,59,60 56,59,60 52,62,63,61 53 #CT-CT-HC
58 56,59,60 52,62,63,61 54 #CO-CT-HC
56,59,60 58 52,62,63,61 55 #CT-CO-HC
56,59,60 56,59,60 53,55 56 #CT-CT-OH
58 56,59,60 53,55 57 #CO-CT-OH
56,59,60 56,59,60 57 58 #CT-CT-OS
56,59,60 58 57 59 #CT-CO-OS
56,59,60 58 53,55 60 #CT-CO-OH
56,59,60 57 58 61 #CT-OS-CO
56,59,60 57 56,59,60 62 #CT-OS-CT
56,59,60 53,55 54,51 63 #CT-OH-HO
58 53,55 54,51 64 #CO-OH-HO
52,62,63,61 56,59,60 52,62,63,61 65 #HC-CT-HC
52,62,63,61 56,59,60 57 66 #HC-CT-OS
52,62,63,61 56,59,60 53,55 67 #HC-CT-OH
52,62,63,61 58 57 68 #HC-CO-OS
52,62,63,61 58 53,55 69 #HC-CO-OH
57 58 57 70 #OS-CO-OS
57 58 53,55 71 #OS-CO-OH

torsion
54,51,52,62,63,61 56,59,60,58 56,59,60,58 54,51,52,62,63,61 51 #H-C-C-H
54,51,52,62,63,61 56,59,60,58 56,59,60,58 56,59,60,58 52 #H-C-C-C
56,59,60,58 56,59,60,58 56,59,60,58 56,59,60,58 53 #C-C-C-C
54,51,52,62,63,61 56,59,60,58 56,59,60,58 53,55,57 54 #H-C-C-O
54,51,52,62,63,61 56,59,60,58 53,55 54,51,52,62,63,61 55 #H-C-O-H
54,51,52,62,63,61 56,59,60,58 57 56,59,60,58 56 #H-C-O-C
56,59,60,58 57 56,59,60,58 56,59,60,58 57 #C-O-C-C
56,59,60,58 57 56,59,60,58 53,55 58 #C-O-C-O
57 56,59,60,58 53,55 54,51,52,62,63,61 59 #O-C-O-H
56,59,60,58 56,59,60,58 56,59,60,58 53,55,57 60 #C-C-C-O
56,59,60,58 56,59,60,58 53,55 54,51,52,62,63,61 61 #C-C-O-H
53,55 56,59,60,58 56,59,60,58 57 62 #OH-C-C-OS
53,55 56,59,60,58 56,59,60,58 53,55 63 #OH-C-C-OH

